2017-12-19 09:27:22
[[0 0 0 ..., 0 0 0]
 [0 0 0 ..., 0 0 0]
 [0 0 0 ..., 0 0 0]
 ..., 
 [0 0 0 ..., 0 0 0]
 [0 0 0 ..., 0 0 0]
 [0 0 0 ..., 0 0 0]]
(60000, 784)
[5 0 4 ..., 5 6 8]
[[0 0 0 ..., 0 0 0]
 [0 0 0 ..., 0 0 0]
 [0 0 0 ..., 0 0 0]
 ..., 
 [0 0 0 ..., 0 0 0]
 [0 0 0 ..., 0 0 0]
 [0 0 0 ..., 0 0 0]]
[7 2 1 ..., 4 5 6]
(60000, 10)
(10000, 10)
0
[ 1.  0.  1. ...,  1.  1.  0.]
the error_case is   7907
1
[ 1.  1.  1. ...,  1.  1.  0.]
the error_case is   7895
2
[ 1.  2.  1. ...,  1.  1.  0.]
the error_case is   7365
3
[ 1.  2.  1. ...,  1.  1.  0.]
the error_case is   7031
4
[ 4.  2.  1. ...,  4.  1.  0.]
the error_case is   6526
5
[ 4.  2.  1. ...,  4.  1.  0.]
the error_case is   6508
6
[ 4.  2.  1. ...,  6.  1.  0.]
the error_case is   6075
7
[ 7.  2.  1. ...,  7.  1.  0.]
the error_case is   5544
8
[ 7.  2.  1. ...,  7.  8.  0.]
the error_case is   5003
9
[ 7.  2.  1. ...,  7.  8.  0.]
the error_case is   4688
[ 7.  2.  1. ...,  7.  8.  0.]
[7 2 1 ..., 4 5 6]
the error_case is   4088
2017-12-19 09:33:35
