9.802,10.132,0
10.35,9.768,0
10.098,9.988,0
9.73,9.91,0
9.754,10.43,0
9.836,9.902,0
10.238,9.866,0
9.53,9.862,0
10.154,9.82,0
9.336,10.456,0
9.378,10.21,0
9.712,10.264,0
9.638,10.208,0
9.518,9.956,0
10.236,9.91,0
9.4,10.086,0
10.196,9.746,0
10.138,9.828,0
10.062,10.26,0
10.394,9.984,0
10.284,10.348,0
9.706,9.978,0
9.906,10.588,0
10.356,9.198,0
9.954,9.704,0
9.796,10.378,0
10.386,10.608,0
10.41,9.912,0
10.172,10.598,0
10.286,9.712,0
9.932,10.234,0
10.298,9.948,0
10.352,9.932,0
9.848,10.328,0
10.514,10.498,0
9.944,9.934,0
9.92,10.022,0
9.908,10.606,0
10.182,9.99,0
10.256,9.25,0
12.04,10.028,0
12.082,10.044,0
12.4,10.156,0
11.988,9.926,0
12.34,9.918,0
12.228,9.978,0
12.348,10.488,0
12.044,9.358,0
11.736,10.122,0
12.35,9.798,0
11.246,10.122,0
12.276,10.99,0
12.374,10.018,0
12.53,10.0,0
12.27,9.792,0
12.364,10.176,0
12.458,10.18,0
11.952,9.682,0
11.772,9.924,0
11.502,10.008,0
12.134,9.482,0
11.628,10.286,0
12.064,9.616,0
11.906,9.82,0
11.736,10.29,0
12.114,10.904,0
11.59,9.712,0
12.648,9.814,0
12.164,11.018,0
12.22,9.796,0
11.846,9.634,0
11.808,10.058,0
12.096,9.846,0
11.594,10.078,0
12.252,9.938,0
11.998,9.676,0
11.894,10.012,0
12.274,9.936,0
12.176,10.364,0
12.104,10.388,0
11.372,11.466,0
10.94,11.482,0
11.084,11.554,0
11.232,11.374,0
11.22,11.64,0
10.962,11.75,0
11.014,11.746,0
11.524,10.982,0
11.012,11.364,0
11.2,11.062,0
11.626,11.894,0
11.23,11.728,0
11.144,11.91,0
11.106,11.868,0
11.53,11.918,0
11.21,11.114,0
10.746,11.702,0
11.154,11.692,0
11.412,11.924,0
10.948,11.532,0
10.988,12.298,0
10.96,11.392,0
11.656,11.346,0
11.178,12.062,0
11.368,11.56,0
11.264,11.724,0
11.554,11.576,0
10.974,11.114,0
11.12,11.634,0
11.51,12.052,0
10.95,11.402,0
11.864,12.406,0
11.198,10.854,0
11.65,11.496,0
11.248,11.722,0
11.602,11.888,0
11.424,11.454,0
11.312,11.718,0
10.736,11.68,0
11.56,11.798,0
10.028,12.268,0
9.282,11.976,0
9.178,11.53,0
9.954,12.398,0
9.622,11.558,0
9.914,11.844,0
9.07,11.092,0
10.578,11.354,0
9.582,12.14,0
9.622,11.528,0
9.35,11.71,0
10.234,11.974,0
8.986,12.31,0
9.438,12.11,0
9.592,12.012,0
9.666,11.88,0
9.364,12.012,0
9.71,11.772,0
9.992,11.836,0
9.916,12.028,0
9.382,12.226,0
9.808,12.23,0
9.272,12.152,0
9.392,11.18,0
9.28,11.976,0
9.848,11.632,0
9.322,11.514,0
9.718,11.95,0
9.12,11.76,0
8.978,12.37,0
10.072,12.202,0
9.966,11.822,0
9.506,11.648,0
9.702,11.536,0
9.45,11.96,0
9.916,11.962,0
9.96,11.538,0
9.014,11.744,0
9.024,11.846,0
10.296,11.61,0
7.87,10.838,0
8.164,10.534,0
8.214,10.62,0
8.166,10.698,0
8.05,10.746,0
7.978,11.13,0
8.08,10.992,0
8.472,11.082,0
8.494,10.584,0
8.354,10.38,0
8.096,10.714,0
7.882,10.832,0
7.908,11.346,0
7.814,10.872,0
8.28,10.104,0
8.082,10.676,0
8.068,10.118,0
8.116,10.698,0
8.042,10.79,0
8.096,10.878,0
8.124,10.932,0
8.632,11.124,0
8.27,10.716,0
7.622,10.148,0
8.198,11.398,0
8.582,11.064,0
7.942,11.076,0
8.004,10.574,0
8.504,11.378,0
8.118,11.012,0
7.874,11.296,0
7.668,10.924,0
7.966,10.72,0
7.94,10.996,0
7.988,11.228,0
8.164,11.112,0
8.386,10.772,0
8.248,10.994,0
8.286,10.734,0
8.224,10.316,0
7.976,9.578,0
7.876,8.796,0
8.172,9.01,0
8.068,9.202,0
8.416,8.654,0
8.71,8.458,0
8.056,8.434,0
7.304,9.266,0
8.118,8.608,0
7.616,9.446,0
8.092,8.956,0
8.368,8.968,0
8.022,9.334,0
8.32,9.062,0
7.832,8.952,0
7.704,8.672,0
8.236,9.108,0
8.37,8.904,0
8.352,8.896,0
8.046,9.228,0
7.71,9.538,0
8.534,8.55,0
7.996,9.172,0
8.046,9.204,0
8.622,9.174,0
7.776,8.898,0
8.226,9.038,0
7.904,9.194,0
7.874,8.856,0
7.992,8.952,0
8.262,9.468,0
8.088,9.294,0
8.034,9.792,0
8.352,9.016,0
7.85,9.334,0
8.404,9.366,0
7.892,8.808,0
8.202,9.232,0
7.668,9.026,0
8.242,9.308,0
9.432,8.61,0
10.066,8.19,0
9.146,8.044,0
9.662,7.866,0
9.6,7.874,0
8.618,8.552,0
9.334,7.658,0
9.424,7.83,0
8.892,8.166,0
9.386,7.746,0
9.878,8.054,0
9.558,7.948,0
9.222,8.002,0
9.52,8.282,0
9.76,7.932,0
9.568,8.052,0
9.736,7.552,0
9.584,8.478,0
9.358,8.242,0
9.404,7.79,0
9.458,8.54,0
9.482,7.766,0
8.844,8.024,0
9.29,8.472,0
9.274,7.566,0
9.11,8.014,0
9.542,7.688,0
9.432,8.122,0
9.786,8.066,0
9.382,7.664,0
9.404,8.228,0
9.146,8.158,0
9.622,8.004,0
10.286,7.892,0
9.43,7.676,0
9.44,8.058,0
9.788,7.684,0
9.586,7.91,0
9.694,7.448,0
9.576,7.866,0
11.442,8.688,0
11.466,8.558,0
10.674,8.936,0
11.23,8.126,0
11.614,8.588,0
11.59,8.496,0
11.536,7.586,0
11.638,8.266,0
11.16,8.43,0
10.904,8.532,0
11.284,8.742,0
11.25,8.192,0
10.84,8.218,0
11.798,8.836,0
11.51,8.094,0
10.932,7.796,0
11.404,8.206,0
11.088,8.326,0
11.334,8.17,0
11.272,8.394,0
11.59,8.408,0
11.212,8.516,0
11.566,8.024,0
11.246,8.584,0
11.252,8.566,0
10.78,8.294,0
11.04,8.322,0
11.198,7.886,0
11.168,8.262,0
11.88,8.08,0
11.356,8.586,0
11.182,8.342,0
10.836,8.664,0
11.696,8.906,0
11.282,8.28,0
10.718,8.534,0
10.444,8.684,0
11.124,8.618,0
11.392,8.94,0
11.212,8.308,0
16.674,9.638,0
16.162,10.302,0
16.612,10.218,0
16.1,9.702,0
16.404,10.072,0
15.93,10.106,0
16.128,9.888,0
16.41,10.188,0
15.982,9.92,0
16.224,10.02,0
16.296,9.458,0
16.586,10.174,0
16.314,10.716,0
16.278,9.452,0
16.622,9.652,0
16.22,9.494,0
16.626,10.162,0
16.982,10.596,0
16.27,10.128,0
16.202,9.7,0
16.532,9.776,0
17.124,9.726,0
16.47,9.698,0
16.004,10.28,0
16.366,9.796,0
16.268,9.522,0
16.13,9.748,0
16.67,10.498,0
16.488,10.542,0
16.57,10.21,0
16.456,10.112,0
16.482,9.986,0
16.584,9.754,0
16.1,9.93,0
16.226,9.67,0
16.448,9.566,0
16.572,9.624,0
16.436,9.41,0
16.502,9.98,0
16.418,9.966,0
14.362,14.644,0
14.138,14.63,0
14.064,15.072,0
13.692,14.958,0
14.238,15.296,0
13.73,15.128,0
13.952,14.868,0
13.986,14.77,0
13.916,14.996,0
13.874,14.954,0
14.168,15.276,0
14.278,15.152,0
14.098,14.9,0
13.764,15.212,0
13.948,14.218,0
14.13,14.838,0
13.362,14.932,0
13.546,14.844,0
14.13,15.11,0
13.816,14.602,0
14.386,14.686,0
13.786,14.726,0
14.204,14.822,0
13.856,15.206,0
14.074,14.384,0
13.68,14.988,0
14.204,14.976,0
13.388,15.39,0
13.708,15.048,0
14.114,15.366,0
14.4,15.04,0
14.194,15.04,0
13.888,15.436,0
13.958,15.322,0
13.922,14.802,0
13.652,14.602,0
14.294,14.996,0
13.81,14.526,0
13.408,15.34,0
13.834,14.778,0
8.826,16.474,1
8.33,16.488,1
8.468,16.378,1
8.904,15.846,1
8.662,16.354,1
8.684,16.776,1
8.33,16.066,1
8.904,16.402,1
8.778,16.486,1
8.81,16.458,1
8.398,16.576,1
8.542,15.918,1
9.064,16.456,1
9.152,16.094,1
8.614,15.908,1
8.566,17.012,1
8.12,16.11,1
8.844,16.026,1
8.398,16.282,1
8.808,15.59,0
8.502,16.166,1
8.942,16.19,1
8.376,16.112,1
8.518,15.84,1
8.878,16.004,1
8.582,16.774,1
8.248,16.154,1
8.588,16.24,1
8.706,16.374,1
8.524,16.392,1
8.458,16.452,1
8.83,16.36,1
8.616,16.112,1
8.844,16.362,1
8.468,15.928,1
8.62,16.674,1
8.974,16.53,1
8.826,16.084,1
8.104,15.962,1
8.386,16.24,1
4.576,12.878,0
4.46,13.16,0
3.632,12.862,0
4.238,12.506,0
4.348,13.268,0
3.788,12.372,0
4.19,12.772,0
3.86,12.706,0
3.978,13.308,0
4.336,12.854,0
4.218,13.03,0
4.25,13.002,0
4.334,13.06,0
4.654,12.566,0
4.38,12.792,0
3.968,13.016,0
4.614,12.526,0
3.95,12.67,0
4.038,12.67,0
4.426,12.238,0
4.066,12.514,0
4.248,12.392,0
4.61,12.95,0
4.328,12.99,0
4.5,12.522,0
4.176,12.71,0
4.492,12.464,0
4.134,12.834,0
4.316,12.764,0
4.454,12.084,0
4.052,12.934,0
4.26,13.118,0
4.058,13.718,0
4.24,12.626,0
3.838,12.232,0
4.128,13.4,0
3.764,12.38,0
4.424,13.186,0
4.234,12.994,0
5.13,13.296,0
3.9,6.742,0
3.994,7.206,0
4.278,7.222,0
4.172,6.848,0
3.882,6.894,0
3.936,6.994,0
4.162,6.87,0
3.762,7.1,0
4.256,7.612,0
4.55,6.822,0
4.062,6.984,0
4.026,7.23,0
4.364,7.184,0
4.292,7.208,0
4.288,6.91,0
4.018,7.062,0
4.07,7.104,0
4.548,7.654,0
4.402,7.082,0
3.692,7.49,0
4.888,7.194,0
4.456,7.146,0
4.732,7.154,0
4.088,7.212,0
4.502,6.928,0
3.402,7.434,0
4.246,6.692,0
4.166,7.256,0
4.852,6.83,0
4.398,7.428,0
5.016,7.054,0
4.25,6.76,0
3.738,7.082,0
4.254,7.264,0
4.122,7.238,0
3.878,7.232,0
4.55,7.29,0
4.03,7.126,0
4.412,7.022,0
4.276,7.244,0
8.376,3.788,0
8.81,3.864,0
8.218,3.548,0
8.374,3.748,0
8.102,4.3,0
8.386,3.952,0
8.858,3.274,0
8.884,3.504,0
8.294,3.38,0
8.38,3.178,0
8.738,4.294,0
9.1,3.84,0
9.086,3.6,0
8.616,3.45,0
8.624,3.698,0
8.632,3.82,0
8.286,3.704,0
8.816,3.58,0
8.722,3.854,0
8.298,3.378,0
9.014,4.034,0
8.87,3.554,0
8.562,3.662,0
8.6,3.828,0
8.94,3.836,0
8.768,4.32,0
8.838,3.926,0
8.288,3.466,0
8.652,3.782,0
8.376,3.956,0
7.724,3.414,0
8.374,4.136,0
8.6,3.712,0
9.026,3.788,0
8.534,3.252,0
8.874,3.602,0
8.796,3.888,0
8.592,3.988,0
8.98,4.014,0
8.562,3.856,0
13.894,4.16,0
14.278,5.26,0
14.364,4.748,0
14.108,4.918,0
13.998,5.498,0
14.4,5.296,0
14.3,5.368,0
13.958,5.35,0
13.842,4.984,0
13.85,4.246,0
13.978,5.356,0
14.366,5.104,0
14.272,4.94,0
14.336,5.176,0
14.744,5.248,0
14.306,5.06,0
13.986,5.05,0
14.44,5.33,0
14.004,4.92,0
13.332,4.592,0
14.218,5.544,0
14.154,4.768,0
13.468,4.92,0
13.67,5.406,0
13.664,5.016,0
14.12,4.87,0
13.836,4.51,0
14.204,5.064,0
14.004,5.228,0
13.266,4.858,0
13.668,5.34,0
14.528,4.812,0
14.318,4.592,0
14.018,5.182,0
14.37,4.884,0
14.198,4.804,0
14.32,4.59,0
13.636,5.218,0
14.41,4.656,0
14.02,5.614,0
1.85,30.8,2
1.35,29.65,2
1.4,26.25,1
0.85,26.05,1
0.5,25.35,1
0.65,24.35,1
1.1,25.05,1
1.35,25.65,1
1.95,25.8,1
2.4,25.45,1
1.8,25.0,1
2.5,24.85,1
2.95,24.4,1
1.9,24.25,1
1.35,24.45,1
1.35,23.9,1
1.25,23.35,1
1.75,23.05,1
2.0,23.6,1
2.5,24.0,1
1.7,22.05,1
2.4,23.05,1
3.05,23.45,1
3.7,23.45,1
3.45,22.9,1
2.95,22.5,1
2.4,22.4,1
2.4,21.25,1
2.85,21.75,1
3.25,22.05,1
3.95,22.6,1
2.7,20.8,1
3.45,21.05,1
3.8,21.55,1
4.0,22.1,1
4.45,22.9,1
4.65,22.15,1
4.85,21.45,1
4.3,21.05,1
3.35,20.3,1
3.7,19.3,1
4.4,19.95,1
4.25,20.4,1
4.8,20.65,1
5.25,21.25,1
5.75,21.55,1
5.3,22.25,1
6.05,22.55,1
6.5,21.9,1
6.05,21.2,1
5.6,20.8,1
5.45,20.15,1
5.05,19.55,1
4.55,19.05,1
4.95,18.45,1
5.85,17.8,1
5.6,18.3,1
5.65,19.0,1
5.95,19.8,1
6.25,19.4,1
6.1,20.45,1
6.6,20.65,1
6.65,21.3,1
7.3,21.35,1
7.85,21.3,1
7.15,20.8,1
7.6,20.7,1
6.7,20.25,1
7.3,20.25,1
6.7,19.8,1
7.3,19.65,1
6.75,19.3,1
7.4,19.2,1
6.55,18.75,1
7.35,18.8,1
6.8,17.95,1
7.45,18.1,1
6.85,17.45,1
7.6,17.6,1
8.55,17.65,1
8.2,18.5,1
7.9,19.1,1
8.05,19.5,1
7.8,20.0,1
8.0,20.45,1
8.4,21.1,1
8.65,20.75,1
8.9,20.1,1
8.4,20.1,1
8.65,19.65,1
8.45,19.05,1
8.85,18.35,1
9.6,18.3,1
9.15,19.0,1
10.2,19.0,1
9.5,19.65,1
10.75,19.6,1
10.45,20.2,1
9.85,20.1,1
9.4,20.6,1
10.15,20.7,1
9.85,21.15,1
9.05,21.25,1
9.3,21.7,1
9.15,22.15,1
8.5,21.8,1
11.65,20.45,1
11.1,20.65,1
10.4,21.25,1
10.0,21.95,1
11.95,21.25,1
11.25,21.4,1
10.6,21.9,1
11.15,22.0,1
11.9,21.85,1
12.6,21.9,1
11.8,22.45,1
11.05,22.45,1
10.3,22.4,1
9.9,22.75,1
10.45,23.0,1
13.05,22.9,1
12.5,22.75,1
11.9,23.05,1
11.2,23.25,1
10.85,23.85,1
11.4,24.25,1
11.7,23.6,1
12.3,23.45,1
12.95,23.55,1
12.55,23.95,1
12.05,24.25,1
11.75,25.1,1
12.25,24.85,1
12.8,24.5,1
13.55,24.0,1
13.6,24.6,1
12.95,25.0,1
12.5,25.25,1
12.2,25.85,1
12.7,26.35,1
13.0,25.7,1
13.55,25.2,1
14.05,25.25,1
14.2,26.05,1
14.1,26.6,1
13.5,25.8,1
13.35,26.5,1
13.3,27.0,1
7.3,22.15,1
7.95,22.35,1
7.7,23.05,1
6.75,22.9,1
5.25,23.35,1
6.15,23.7,1
7.0,23.7,1
7.6,24.2,2
8.55,23.6,1
9.35,23.5,1
8.3,24.45,2
7.9,24.6,2
7.15,24.75,2
6.7,24.3,2
5.2,24.1,1
6.2,24.95,2
6.75,25.4,2
6.15,25.5,2
5.65,25.2,2
4.65,25.55,2
4.1,26.45,2
5.35,25.8,2
7.4,25.6,2
7.75,25.1,2
8.5,25.3,2
9.3,25.0,2
9.7,25.95,2
8.8,25.95,2
8.05,25.9,2
7.6,26.15,2
6.85,26.0,2
6.2,26.25,2
5.7,26.4,2
5.1,26.55,2
4.55,27.15,2
5.5,27.0,2
6.1,27.05,2
6.5,26.6,2
6.75,26.95,2
7.3,26.75,2
8.3,26.4,2
8.9,26.7,2
9.55,26.65,2
10.35,27.1,2
7.95,27.05,2
3.95,27.4,2
3.75,28.25,2
3.9,28.95,2
4.55,29.65,2
5.25,29.75,2
6.5,30.6,2
7.45,30.6,2
8.35,30.35,2
9.25,30.2,2
9.95,29.5,2
10.55,28.6,2
9.9,27.95,2
9.2,27.5,2
8.55,27.2,2
8.8,27.8,2
9.2,28.35,2
9.55,29.05,2
9.05,29.6,2
8.8,28.8,2
8.15,29.35,2
8.05,28.8,2
8.35,28.2,2
7.9,28.3,2
8.05,27.7,2
7.3,27.4,2
7.55,27.85,2
6.85,27.45,2
6.25,27.65,2
5.55,27.5,2
4.65,28.1,2
5.0,28.55,2
5.55,29.1,2
5.55,28.25,2
6.2,28.2,2
6.8,28.05,2
7.4,28.25,2
6.65,28.45,2
6.15,28.8,2
6.5,29.1,2
6.6,29.6,2
7.7,29.65,2
7.5,29.2,2
7.5,28.65,2
7.05,28.85,2
6.9,30.15,2
6.15,29.9,2
32.55,28.65,3
31.9,27.55,3
31.45,28.35,3
31.15,28.8,3
30.75,28.05,3
30.35,28.45,3
30.0,29.15,3
30.45,27.5,3
30.6,26.5,3
29.8,27.35,3
29.4,27.85,3
29.3,28.4,3
29.2,28.65,3
30.4,25.1,3
29.95,25.95,3
29.9,26.5,3
28.85,27.0,3
28.35,28.0,3
28.15,28.7,3
28.25,27.4,3
27.75,27.7,3
27.5,28.35,3
26.65,28.45,3
27.25,27.25,3
27.75,26.55,3
28.7,26.35,3
28.6,25.9,3
28.9,25.05,3
29.6,24.05,3
28.9,24.5,3
28.1,25.2,3
27.55,25.15,3
27.05,25.95,3
26.35,26.6,3
26.3,27.25,3
26.2,27.8,3
24.5,28.25,3
25.55,27.45,3
25.5,27.05,3
25.05,27.2,3
24.85,26.8,3
24.3,27.4,3
23.8,26.85,3
24.0,26.5,3
24.55,26.3,3
25.55,26.3,3
26.0,25.85,3
25.6,25.65,3
26.4,25.55,3
25.45,25.05,3
25.85,24.6,3
26.65,24.7,3
27.55,24.35,3
28.05,23.9,3
27.55,23.55,3
26.45,23.35,3
26.2,23.9,3
25.35,23.9,3
24.35,24.75,3
24.4,25.45,3
23.6,25.75,3
23.1,26.0,3
22.8,26.95,3
22.65,25.8,3
22.3,26.1,3
23.4,25.4,3
22.4,25.25,3
22.35,24.7,3
21.8,25.05,3
21.2,25.55,3
23.4,24.8,3
23.55,24.3,3
24.4,24.25,3
22.45,24.2,3
21.3,24.0,3
21.0,24.25,3
20.35,23.3,3
21.85,23.05,3
21.3,22.75,3
22.85,23.4,3
22.9,23.55,3
24.55,23.7,3
23.85,23.25,3
24.65,23.1,3
23.95,22.55,3
23.1,22.6,3
22.5,22.6,3
21.7,22.1,3
20.8,21.85,3
21.65,21.2,3
21.15,20.35,3
22.3,20.4,3
22.6,20.75,3
22.8,21.95,3
23.4,21.95,3
23.55,21.15,3
24.45,21.95,3
24.4,21.55,3
24.75,21.2,3
24.65,20.65,3
23.95,19.8,3
23.6,20.1,3
23.05,20.2,3
22.4,19.65,3
22.35,19.05,3
22.8,18.25,3
23.3,19.1,3
24.0,18.9,3
24.15,17.9,3
24.35,18.2,3
25.2,20.05,3
25.3,19.45,3
25.3,18.5,3
25.75,18.8,3
26.05,18.2,3
26.35,17.7,3
25.9,17.65,3
25.45,17.2,3
27.05,17.2,3
27.4,16.75,3
25.6,20.9,3
25.65,21.3,3
25.65,21.9,3
25.65,22.5,3
25.95,22.8,3
26.95,22.65,3
25.95,22.2,3
26.65,21.9,3
27.55,22.3,3
27.9,22.85,3
28.35,23.45,3
29.05,23.4,3
29.3,22.75,3
28.7,22.15,3
28.15,22.05,3
27.85,21.5,3
27.85,21.05,3
26.6,21.3,3
26.85,20.7,3
26.35,20.6,3
26.25,19.65,3
26.95,19.8,3
27.7,20.35,3
28.3,20.7,3
29.35,21.6,3
30.1,21.3,3
29.85,20.75,3
29.0,20.0,3
28.0,19.85,3
27.35,19.0,3
26.9,18.65,3
27.6,18.15,3
28.4,18.3,3
28.4,19.25,3
29.35,18.8,3
29.8,19.75,3
29.15,18.1,3
28.05,17.5,3
28.95,17.25,3
29.25,17.5,3
30.05,17.4,3
30.75,18.15,3
30.5,18.65,3
30.65,19.25,3
31.0,19.9,3
32.2,18.2,3
32.5,17.15,3
30.9,17.1,3
30.75,16.6,3
29.15,16.4,3
24.8,13.7,4
25.85,13.35,4
26.0,12.7,4
26.7,12.1,4
25.05,12.9,4
24.7,13.25,4
23.8,13.2,4
23.6,13.45,4
23.2,12.55,4
22.4,12.85,4
22.7,12.25,4
22.2,11.9,4
22.15,11.35,4
22.85,11.2,4
23.1,11.75,4
24.0,12.35,4
24.05,12.45,4
24.9,12.5,4
25.55,12.1,4
24.85,11.85,4
24.1,11.95,4
23.9,11.5,4
23.85,10.9,4
23.4,10.7,4
22.9,10.3,4
23.4,10.25,4
24.05,10.05,4
24.35,10.5,4
24.65,11.1,4
25.1,11.2,4
25.8,11.4,4
25.3,10.55,4
26.0,10.9,4
26.35,10.5,4
27.15,11.0,5
27.4,10.55,5
27.9,10.0,5
28.55,10.2,5
28.75,10.85,5
27.1,8.65,5
28.05,9.1,5
28.85,9.8,5
29.85,10.65,5
29.9,11.7,5
30.6,11.1,5
31.05,11.75,5
31.5,11.8,5
31.3,12.45,5
34.0,12.9,5
32.8,12.6,5
32.85,12.0,5
33.7,12.2,5
33.25,11.7,5
32.55,11.15,5
31.8,11.35,5
31.45,10.75,5
30.75,10.45,5
29.8,10.1,5
30.15,9.8,5
29.45,9.3,5
28.8,8.95,5
28.1,8.45,5
27.35,7.7,5
27.1,6.75,5
28.3,7.95,5
29.35,8.45,5
30.1,8.95,5
30.2,9.35,5
31.1,10.05,5
28.5,7.5,5
28.35,6.9,5
28.95,6.75,5
29.4,7.1,5
29.25,7.6,5
29.95,7.6,5
30.45,7.95,5
30.35,8.25,5
30.75,9.0,5
31.3,9.3,5
31.85,9.55,5
32.1,10.25,5
32.45,10.55,5
33.35,10.85,5
33.75,11.5,5
33.25,10.2,5
32.4,10.1,5
32.45,9.7,5
32.15,9.3,5
32.25,8.65,5
32.55,8.2,5
31.25,8.7,5
31.25,8.25,5
32.05,7.8,5
31.3,7.5,5
30.55,7.45,5
31.3,6.95,5
30.95,6.7,5
30.05,6.95,5
30.05,6.2,5
28.55,6.3,5
27.8,5.85,5
27.6,5.05,5
28.35,5.55,5
29.15,5.4,5
29.4,5.8,5
29.8,5.7,5
30.65,5.9,5
30.9,5.3,5
30.1,5.1,5
29.55,4.9,5
28.5,4.75,5
28.35,4.05,5
29.4,4.35,5
28.75,3.45,5
29.65,3.7,5
30.4,4.35,5
30.9,4.95,5
29.75,3.0,5
30.55,3.15,5
30.7,3.65,5
31.1,4.1,5
31.65,5.05,5
31.35,5.75,5
31.5,6.55,5
32.15,7.1,5
30.6,2.55,5
31.45,2.4,5
31.6,3.05,5
32.0,3.4,5
32.25,3.5,5
31.7,4.1,5
31.7,4.5,5
32.25,2.7,5
32.65,2.05,5
32.95,2.8,5
33.1,3.55,5
32.9,4.0,5
32.6,4.75,5
32.55,5.05,5
32.35,5.5,5
32.15,5.95,5
32.5,6.75,5
32.7,6.35,5
33.2,5.9,5
33.35,5.35,5
33.2,4.55,5
33.55,4.2,5
33.95,4.75,5
34.05,5.1,5
34.3,4.8,5
34.3,4.15,5
34.6,4.3,5
34.05,3.7,5
34.25,3.05,5
33.65,2.8,5
33.55,2.15,5
34.2,2.05,5
35.15,1.95,5
35.05,2.45,5
35.15,3.05,5
35.6,3.45,5
35.4,3.6,5
35.85,3.2,5
36.1,2.65,5
36.45,2.65,5
36.0,2.1,5
36.9,2.05,5
37.45,2.8,5
36.8,3.25,5
36.45,3.9,5
35.65,4.2,5
35.4,4.6,5
35.65,4.75,5
35.75,5.15,5
36.1,4.55,5
34.9,5.4,5
34.65,5.7,5
34.05,6.05,5
34.4,6.5,5
33.6,6.85,5
32.7,7.15,5
32.75,7.75,5
33.6,7.95,5
37.4,3.4,5
37.7,3.45,5
38.15,2.85,5
38.75,2.65,5
39.0,3.25,5
39.2,3.5,5
38.45,3.75,5
38.1,4.05,5
37.15,4.3,5
37.8,4.7,5
37.7,5.15,5
36.75,5.05,5
36.85,5.5,5
37.4,5.65,5
37.55,5.75,5
35.7,5.75,5
36.25,5.95,5
35.4,6.0,5
35.45,6.6,5
34.65,7.05,5
33.7,7.4,5
35.65,7.3,5
35.05,7.35,5
34.85,7.75,5
34.5,8.25,5
34.15,8.6,5
34.05,9.0,5
33.4,8.7,5
33.05,8.95,5
33.05,9.6,5
33.5,9.75,5
34.25,9.6,5
34.6,9.9,5
34.8,9.3,5
35.0,8.55,5
35.8,8.1,5
35.8,8.35,5
36.4,7.6,5
36.25,6.6,5
37.05,6.95,5
36.8,7.5,5
37.05,6.35,5
38.15,5.7,5
38.65,4.85,5
39.15,4.35,5
40.05,3.35,5
40.05,3.8,5
40.15,4.4,5
39.5,4.75,5
39.15,5.2,5
41.15,4.55,5
40.5,5.05,5
40.1,5.3,5
40.0,5.75,5
39.2,5.75,5
38.85,6.2,5
37.75,6.55,5
38.0,7.15,5
37.75,7.65,5
37.0,8.2,5
36.5,8.65,5
35.85,9.05,5
35.75,9.55,5
35.6,10.0,5
33.95,10.35,5
34.35,10.85,5
35.0,10.65,5
35.5,10.55,5
35.1,11.1,5
34.55,11.3,5
34.95,11.9,5
35.3,12.0,5
35.0,12.5,5
36.0,11.65,5
36.5,11.05,5
36.45,10.55,5
36.4,9.65,5
37.1,9.4,5
37.05,9.95,5
37.05,10.2,5
36.35,12.2,5
36.2,12.25,5
37.05,11.6,5
37.6,11.15,5
37.7,10.65,5
38.3,11.65,5
38.8,11.15,5
38.85,10.7,5
38.65,10.05,5
37.95,10.2,5
37.9,9.7,5
38.65,9.45,5
38.2,9.25,5
37.75,8.75,5
37.55,8.75,5
38.1,8.0,5
38.65,8.65,5
38.75,8.2,5
38.95,7.55,5
39.0,6.75,5
39.8,6.45,5
39.65,6.65,5
39.75,7.05,5
40.0,7.35,5
39.55,7.9,5
39.2,8.7,5
39.9,8.45,5
39.35,9.2,5
39.75,9.35,5
39.4,10.05,5
40.05,10.9,5
40.3,9.85,5
40.95,9.8,5
40.65,9.1,5
40.7,8.85,5
41.25,8.25,5
41.85,7.95,5
40.5,7.85,5
40.85,7.35,5
40.95,6.9,5
40.65,6.5,5
40.6,5.7,5
41.3,5.65,5
41.8,6.4,5
51.05,3.5,6
50.05,3.85,6
49.0,3.8,6
48.9,4.4,6
48.05,4.75,6
47.4,5.65,6
47.75,6.1,6
47.0,6.7,6
47.1,7.4,6
46.5,8.15,6
47.75,8.0,6
47.85,7.35,6
48.5,6.75,6
48.75,5.95,6
49.35,6.45,6
49.8,6.0,6
49.05,5.1,6
49.8,4.8,6
49.65,4.4,6
50.65,4.6,6
50.05,5.15,6
50.6,5.45,6
51.5,5.05,6
51.9,4.65,6
52.45,4.1,6
51.6,4.05,6
51.2,4.2,6
53.3,5.2,6
52.55,5.35,6
52.95,6.05,6
51.8,5.85,6
50.7,6.15,6
50.95,6.6,6
50.7,7.05,6
49.75,7.1,6
49.3,7.65,6
50.0,7.9,6
48.95,8.15,6
48.15,8.65,6
47.35,8.85,6
46.85,9.0,6
47.7,9.15,6
46.7,9.9,6
47.45,9.95,6
47.95,9.85,6
48.8,9.45,6
49.45,8.8,6
50.55,8.6,6
51.35,7.7,6
51.7,8.0,6
51.6,7.25,6
52.0,6.8,6
52.5,7.35,6
53.1,7.5,6
53.55,7.0,6
53.0,8.2,6
52.35,8.05,6
53.55,8.65,6
53.4,9.1,6
52.5,9.1,6
51.55,8.85,6
52.25,9.4,6
51.4,9.5,6
50.5,9.3,6
50.85,9.8,6
49.5,9.65,6
49.3,10.25,6
50.3,10.3,6
48.6,10.5,6
47.6,10.5,6
47.4,11.1,6
47.9,11.45,6
47.7,11.65,6
47.4,12.05,6
48.2,12.0,6
48.95,11.35,6
48.65,11.05,6
49.95,11.15,6
49.65,11.7,6
49.25,12.25,6
49.05,12.25,6
48.3,12.7,6
48.95,12.95,6
49.75,13.1,6
50.15,13.2,6
50.1,12.75,6
50.15,12.1,6
51.3,11.75,6
51.0,10.85,6
51.65,11.0,6
51.8,10.1,6
52.65,9.85,6
53.35,10.0,6
52.55,10.75,6
52.8,11.55,6
52.2,11.75,6
51.7,11.75,6
51.95,12.75,6
51.05,12.55,6
51.05,13.05,6
50.25,13.7,6
50.2,14.15,6
50.25,14.7,6
50.0,15.15,7
49.95,15.65,7
49.6,16.15,7
49.45,16.75,7
49.65,17.05,7
49.75,17.3,7
48.75,17.2,7
48.7,17.65,7
48.0,17.5,7
48.15,17.9,7
47.45,18.05,7
47.05,18.8,7
47.55,18.8,7
47.5,19.3,7
47.25,19.4,7
46.6,19.85,7
46.15,20.55,7
47.25,20.45,7
47.7,20.05,7
48.0,19.9,7
48.55,19.65,7
48.5,18.55,7
49.05,18.6,7
48.95,19.1,7
49.6,18.35,7
49.85,17.95,7
50.45,17.45,7
50.7,17.0,7
51.25,17.35,7
51.3,18.05,7
50.85,18.4,7
50.05,18.85,7
50.25,18.95,7
49.8,19.15,7
49.3,19.85,7
49.8,20.0,7
48.75,20.25,7
48.75,20.75,7
49.1,21.15,7
48.55,21.6,7
47.65,21.3,7
46.95,21.6,7
46.5,21.6,7
47.35,22.05,7
48.05,22.0,7
48.55,22.2,7
47.95,22.65,7
47.3,23.1,7
46.6,23.15,7
46.35,22.55,7
46.2,23.85,7
47.75,24.0,7
47.95,24.15,7
48.45,23.7,7
48.95,23.15,7
49.55,22.05,7
49.6,22.55,7
50.25,22.25,7
50.65,21.9,7
50.5,21.3,7
50.1,20.75,7
50.8,20.4,7
50.85,20.0,7
51.15,19.3,7
51.85,18.85,7
52.3,18.55,7
52.4,19.35,7
51.55,19.75,7
52.05,20.0,7
52.95,19.85,7
53.35,20.6,7
52.5,20.55,7
51.45,20.65,7
51.4,21.25,7
52.0,21.05,7
52.75,21.3,7
52.05,21.5,7
51.6,22.05,7
51.2,21.75,7
53.25,21.95,7
52.7,22.3,7
52.5,22.9,7
52.85,23.25,7
53.3,23.8,7
52.45,24.1,7
51.9,23.5,7
51.2,22.9,7
50.85,23.3,7
50.25,23.35,7
49.45,23.7,7
50.6,23.9,7
51.25,23.95,7
51.25,24.1,7
52.4,24.7,7
52.15,25.3,7
51.4,24.9,7
50.7,24.85,7
49.25,24.45,7
49.5,24.7,7
48.45,24.45,7
48.55,25.2,7
48.05,25.0,7
47.25,24.3,7
46.8,24.8,7
46.6,25.5,7
46.7,26.05,7
47.5,25.5,7
47.65,26.0,7
48.25,26.05,7
48.45,26.95,7
47.75,26.9,7
47.65,27.15,7
48.25,27.85,7
48.85,27.75,7
49.7,28.2,7
50.25,27.55,7
49.4,27.1,7
49.15,26.65,7
49.35,25.95,7
49.95,25.5,7
50.85,26.05,7
50.05,26.5,7
50.65,27.0,7
51.1,27.35,7
51.2,27.95,7
51.65,26.85,7
52.25,26.0,7
52.7,26.15,7
51.4,25.6,7
38.3,20.8,8
37.15,20.9,8
36.2,21.35,8
36.1,21.85,8
35.45,22.8,8
35.75,22.95,8
36.4,23.0,8
36.55,22.25,8
36.8,21.85,8
37.5,21.85,8
38.45,21.45,8
38.7,21.9,8
38.4,22.3,8
38.0,22.6,8
38.15,22.95,8
37.5,22.85,8
36.75,23.65,8
36.2,23.7,8
35.45,24.35,8
37.65,23.85,8
37.65,24.3,8
36.7,24.6,8
37.15,25.05,8
39.15,25.1,8
38.6,24.65,8
38.7,23.8,8
38.9,23.65,8
39.55,23.5,8
39.55,24.3,8
40.3,24.45,8
41.25,24.35,8
40.8,25.25,8
40.4,23.8,8
39.9,23.2,8
39.3,22.8,8
39.2,22.4,8
40.1,21.7,8
39.85,21.9,8
39.65,21.1,8
40.15,22.6,8
41.1,21.9,8
41.7,22.2,8
41.3,22.6,8
41.15,23.3,8
40.9,23.45,8
22.2,2.15,9
23.35,1.95,9
23.75,2.3,9
22.9,2.4,9
22.4,2.7,9
21.85,2.9,9
21.85,3.35,9
22.15,3.45,9
22.7,3.45,9
23.2,3.0,9
23.2,3.2,9
24.65,2.15,9
24.2,2.75,9
23.75,3.2,9
23.75,3.55,9
23.65,3.8,9
22.8,4.0,9
21.95,4.05,9
22.1,4.35,9
22.7,4.45,9
22.45,4.85,9
23.7,4.8,9
23.55,5.05,9
24.2,4.9,9
23.2,4.25,9
24.1,4.3,9
24.85,4.5,9
24.6,4.15,9
24.25,3.55,9
24.8,3.35,9
25.05,2.75,9
25.5,3.25,9
25.1,3.55,9
25.15,4.0,9
